# time(ps) Nwater Force (pN) Pressure Dif (atm) 
1 166 11535.838 24856.749495528136
2 176 12230.768 26354.14404345152
3 176 12230.768 26354.14404345152
4 182 12647.725999999999 27252.580772205547
5 191 13273.162999999999 28600.235865336588
6 188 13064.684 28151.017500959577
7 183 12717.219 27402.320226997883
8 183 12717.219 27402.320226997883
9 184 12786.712 27552.059681790226
10 189 13134.177 28300.756955751913
11 188 13064.684 28151.017500959577
12 188 13064.684 28151.017500959577
13 184 12786.712 27552.059681790226
14 193 13412.149 28899.714774921267
15 191 13273.162999999999 28600.235865336588
16 190 13203.669999999998 28450.496410544252
17 192 13342.655999999999 28749.975320128928
18 188 13064.684 28151.017500959577
19 187 12995.190999999999 28001.278046167237
20 192 13342.655999999999 28749.975320128928
21 187 12995.190999999999 28001.278046167237
22 185 12856.205 27701.799136582562
23 189 13134.177 28300.756955751913
24 192 13342.655999999999 28749.975320128928
25 189 13134.177 28300.756955751913
26 188 13064.684 28151.017500959577
27 186 12925.697999999999 27851.538591374898
28 189 13134.177 28300.756955751913
29 188 13064.684 28151.017500959577
30 190 13203.669999999998 28450.496410544252
31 191 13273.162999999999 28600.235865336588
32 195 13551.134999999998 29199.19368450594
33 190 13203.669999999998 28450.496410544252
34 193 13412.149 28899.714774921267
35 189 13134.177 28300.756955751913
36 186 12925.697999999999 27851.538591374898
37 183 12717.219 27402.320226997883
38 189 13134.177 28300.756955751913
39 188 13064.684 28151.017500959577
40 193 13412.149 28899.714774921267
41 195 13551.134999999998 29199.19368450594
42 194 13481.642 29049.454229713607
43 194 13481.642 29049.454229713607
44 187 12995.190999999999 28001.278046167237
45 192 13342.655999999999 28749.975320128928
46 183 12717.219 27402.320226997883
47 189 13134.177 28300.756955751913
48 193 13412.149 28899.714774921267
49 195 13551.134999999998 29199.19368450594
50 193 13412.149 28899.714774921267
51 181 12578.232999999998 27102.841317413207
52 183 12717.219 27402.320226997883
53 184 12786.712 27552.059681790226
54 187 12995.190999999999 28001.278046167237
55 186 12925.697999999999 27851.538591374898
56 188 13064.684 28151.017500959577
57 186 12925.697999999999 27851.538591374898
58 185 12856.205 27701.799136582562
59 186 12925.697999999999 27851.538591374898
60 189 13134.177 28300.756955751913
61 189 13134.177 28300.756955751913
62 186 12925.697999999999 27851.538591374898
63 189 13134.177 28300.756955751913
64 192 13342.655999999999 28749.975320128928
65 195 13551.134999999998 29199.19368450594
66 190 13203.669999999998 28450.496410544252
67 188 13064.684 28151.017500959577
68 193 13412.149 28899.714774921267
69 189 13134.177 28300.756955751913
70 190 13203.669999999998 28450.496410544252
71 189 13134.177 28300.756955751913
72 183 12717.219 27402.320226997883
73 192 13342.655999999999 28749.975320128928
74 194 13481.642 29049.454229713607
75 192 13342.655999999999 28749.975320128928
76 191 13273.162999999999 28600.235865336588
77 191 13273.162999999999 28600.235865336588
78 189 13134.177 28300.756955751913
79 188 13064.684 28151.017500959577
80 195 13551.134999999998 29199.19368450594
81 189 13134.177 28300.756955751913
82 188 13064.684 28151.017500959577
83 191 13273.162999999999 28600.235865336588
84 200 13898.599999999999 29947.890958467633
85 191 13273.162999999999 28600.235865336588
86 191 13273.162999999999 28600.235865336588
87 186 12925.697999999999 27851.538591374898
88 190 13203.669999999998 28450.496410544252
89 186 12925.697999999999 27851.538591374898
90 178 12369.753999999999 26653.622953036196
91 183 12717.219 27402.320226997883
92 191 13273.162999999999 28600.235865336588
93 188 13064.684 28151.017500959577
94 189 13134.177 28300.756955751913
95 189 13134.177 28300.756955751913
96 186 12925.697999999999 27851.538591374898
97 185 12856.205 27701.799136582562
98 188 13064.684 28151.017500959577
99 182 12647.725999999999 27252.580772205547
100 184 12786.712 27552.059681790226
101 185 12856.205 27701.799136582562
102 188 13064.684 28151.017500959577
103 193 13412.149 28899.714774921267
104 191 13273.162999999999 28600.235865336588
105 192 13342.655999999999 28749.975320128928
106 187 12995.190999999999 28001.278046167237
107 187 12995.190999999999 28001.278046167237
108 190 13203.669999999998 28450.496410544252
109 190 13203.669999999998 28450.496410544252
110 186 12925.697999999999 27851.538591374898
111 191 13273.162999999999 28600.235865336588
112 186 12925.697999999999 27851.538591374898
113 185 12856.205 27701.799136582562
114 189 13134.177 28300.756955751913
115 187 12995.190999999999 28001.278046167237
116 187 12995.190999999999 28001.278046167237
117 183 12717.219 27402.320226997883
118 189 13134.177 28300.756955751913
119 188 13064.684 28151.017500959577
120 183 12717.219 27402.320226997883
121 191 13273.162999999999 28600.235865336588
122 186 12925.697999999999 27851.538591374898
123 185 12856.205 27701.799136582562
124 182 12647.725999999999 27252.580772205547
125 184 12786.712 27552.059681790226
126 179 12439.247 26803.362407828532
127 186 12925.697999999999 27851.538591374898
128 179 12439.247 26803.362407828532
129 174 12091.782 26054.66513386684
130 177 12300.260999999999 26503.883498243853
131 176 12230.768 26354.14404345152
132 175 12161.275 26204.40458865918
133 175 12161.275 26204.40458865918
134 172 11952.795999999998 25755.186224282163
135 172 11952.795999999998 25755.186224282163
136 173 12022.288999999999 25904.925679074502
137 167 11605.330999999998 25006.488950320472
138 163 11327.358999999999 24407.531131151118
139 162 11257.866 24257.791676358785
140 162 11257.866 24257.791676358785
141 163 11327.358999999999 24407.531131151118
142 158 10979.893999999998 23658.83385718943
143 154 10701.921999999999 23059.876038020077
144 156 10840.908 23359.354947604756
145 150 10423.949999999999 22460.918218850726
146 155 10771.414999999999 23209.615492812416
147 151 10493.443 22610.65767364306
148 152 10562.936 22760.397128435405
149 152 10562.936 22760.397128435405
150 147 10215.471 22011.69985447371
151 147 10215.471 22011.69985447371
152 146 10145.978 21861.960399681375
153 141 9798.512999999999 21113.26312571968
154 140 9729.019999999999 20963.52367092734
155 133 9242.569 19915.347487380976
156 137 9520.541 20514.305306550326
157 134 9312.062 20065.086942173315
158 138 9590.034 20664.04476134267
159 131 9103.582999999999 19615.868577796296
160 127 8825.610999999999 19016.910758626946
161 126 8756.117999999999 18867.17130383461
162 129 8964.597 19316.389668211625
163 125 8686.625 18717.43184904227
164 120 8339.16 17968.734575080583
165 121 8408.653 18118.47402987292
166 121 8408.653 18118.47402987292
167 121 8408.653 18118.47402987292
168 122 8478.145999999999 18268.213484665255
169 120 8339.16 17968.734575080583
170 116 8061.187999999999 17369.77675591123
171 120 8339.16 17968.734575080583
172 111 7713.722999999999 16621.079481949535
173 113 7852.709 16920.558391534214
174 116 8061.187999999999 17369.77675591123
175 113 7852.709 16920.558391534214
176 111 7713.722999999999 16621.079481949535
177 106 7366.258 15872.382207987848
178 107 7435.750999999999 16022.121662780186
179 105 7296.764999999999 15722.642753195509
180 104 7227.271999999999 15572.90329840317
181 104 7227.271999999999 15572.90329840317
182 99 6879.807 14824.20602444148
183 104 7227.271999999999 15572.90329840317
184 97 6740.821 14524.727114856803
185 97 6740.821 14524.727114856803
186 95 6601.834999999999 14225.248205272126
187 93 6462.848999999999 13925.769295687449
188 92 6393.356 13776.029840895113
189 94 6532.342 14075.508750479788
190 94 6532.342 14075.508750479788
191 91 6323.862999999999 13626.290386102773
192 91 6323.862999999999 13626.290386102773
193 87 6045.891 13027.33256693342
194 87 6045.891 13027.33256693342
195 83 5767.919 12428.374747764068
196 82 5698.4259999999995 12278.63529297173
197 81 5628.933 12128.895838179393
198 83 5767.919 12428.374747764068
199 79 5489.946999999999 11829.416928594716
200 80 5559.44 11979.156383387053
